8.3 2000
350 200
492 1371 37 37

Coordinates
1            3            0            5
2            3          0.2          4.8
3          2.8            0          4.8
4            3            0       4.3333
5            3         0.75            5
6         2.25            0            5
7         2.15            0          4.8
8            3         0.85          4.8
9          2.8            0         4.08
10            3          0.2         4.08
11       2.4749      0.54987       4.3677
12            3      0.60622            4
13       2.3938            0            4
14        1.875      0.60622            5
15            3            0       3.6667
16            3       1.2014       4.3645
17       2.2759       1.1689            5
18            3        1.175       4.1938
19        1.825            0       4.1938
20         1.58            0          4.8
21            3         1.42          4.8
22       1.7294            0       4.2274
23            3          1.5            5
24          1.5            0            5
25       2.4335       1.1796        4.259
26            3          1.5          4.8
27          1.5            0          4.8
28       2.1101      0.29977       3.7885
29       1.8924      0.84945       4.3388
30         1.42            0          4.8
31            3         1.58          4.8
32            3      0.80322       3.6042
33       2.1968            0       3.6042
34       2.3069      0.73341       3.7406
35            3         1.42          4.2
36         1.58            0          4.2
37          2.8            0         3.36
38            3          0.2         3.36
39            3         1.58          4.2
40         1.42            0          4.2
41            3      0.60622       3.3333
42       2.3938            0       3.3333
43       1.5146      0.35297       4.0856
44            3       1.2124       3.6667
45       2.4686        1.692        4.639
46            3       1.7294       4.2274
47       1.5371       1.2202            5
48       1.3916      0.94573       4.6089
49       1.2014            0       4.3645
50       1.9005       1.4798        4.442
51       2.5541        1.315       3.6462
52       1.1518      0.48452       4.4498
53            3         1.42          3.6
54         1.58            0          3.6
55            3        1.825       4.1938
56        1.175            0       4.1938
57            3            0            3
58       1.9507       1.2531        3.847
59            3          0.2            3
60          2.8            0            3
61       2.6509      0.58993       3.0979
62       1.0663      0.64541            5
63       1.8187            0       3.3333
64       1.9674       1.7683            5
65       1.4671      0.91345       3.9895
66       2.1178       0.4528       3.1986
67            3          1.5       3.5876
68          1.5            0       3.5876
69       1.6888       0.7358       3.5784
70            3         1.58          3.6
71         1.42            0          3.6
72       2.2968       1.7591       4.0269
73         2.19            0            3
74            3         0.81            3
75            3         2.15          4.8
76         0.85            0          4.8
77          2.8            0          2.8
78            3          0.2          2.8
79       2.0187            0       3.0014
80       1.2124            0       3.6667
81            3       1.0036       3.0002
82       2.1069       1.0897       3.2493
83         0.75            0            5
84            3         2.25            5
85       2.3563       2.1902            5
86       1.3189       1.3757       4.1991
87            3       1.2124            3
88         2.19            0          2.8
89            3         0.81          2.8
90          2.8            0         2.64
91            3          0.2         2.64
92       2.6235       2.2739       4.4307
93       1.8867       2.0667       4.5565
94      0.97801      0.53171       3.8368
95       2.3938            0       2.6667
96            3      0.60622       2.6667
97            3         1.42            3
98         1.58            0            3
99            3       1.8187       3.3333
100       0.8872       1.0241        4.234
101         1.56      0.49582       3.0325
102       2.1009       1.7052        3.421
103       2.1123       0.4917       2.7111
104       1.6682       1.8692       3.9923
105       2.5573       1.4868       3.0308
106         1.42            0            3
107            3         1.58            3
108       1.2016       1.8346            5
109            3       2.3938            4
110      0.60622            0            4
111            3       2.1968       3.6042
112      0.80322            0       3.6042
113      0.73542        1.296            5
114      0.53408      0.49902        4.292
115       1.8187            0       2.6667
116         1.58            0          2.8
117            3         1.42          2.8
118       1.1587      0.63206       3.1809
119            3            0       2.3333
120       1.3076       2.0176       4.5501
121       1.2124            0            3
122      0.99772       1.1296        3.614
123       2.4783       2.2021       3.5556
124       1.6992       2.3646            5
125         1.42            0          2.8
126            3         1.58          2.8
127        2.335       1.0787       2.5922
128            3      0.80322       2.3958
129       2.1968            0       2.3958
130      0.82556       1.6107       4.6729
131       1.2665       1.6136       3.5738
132       2.6097      0.57115       2.3179
133       1.4384       1.3107       3.1182
134          0.2            0          4.8
135            3          2.8          4.8
136       2.1925       2.5251        4.031
137       1.0036            0       3.0002
138        2.194       2.6944       4.6469
139            3       2.0187       3.0014
140       1.7056      0.97966       2.6413
141       1.9559       1.5394       2.8212
142      0.41748      0.24842       3.7123
143       1.0378       1.9356        4.073
144      0.60622            0       3.3333
145            3       2.3938       3.3333
146            3       1.2124       2.3333
147            3          2.8         4.08
148          0.2            0         4.08
149      0.44599      0.87433       3.8035
150            3       1.8187       2.6667
151            3         2.19            3
152         0.81            0            3
153            3          1.5       2.4124
154          1.5            0       2.4124
155       1.5608      0.40604       2.3999
156            0            0            5
157            3            3            5
158       2.3025       2.0646       2.9327
159      0.79108       1.1394       3.3067
160            0          0.2          4.8
161          2.8            3          4.8
162       1.9944       2.5024       3.6348
163       1.4061       2.5439       4.6225
164       2.3938            0            2
165            3      0.60622            2
166      0.88615       2.1804       4.5771
167            3            3       4.3333
168            0            0       4.3333
169          2.8            0         1.92
170            3          0.2         1.92
171       1.3447       2.2288       3.6383
172            0         0.75            5
173         2.25            3            5
174         0.81            0          2.8
175            3         2.19          2.8
176      0.50181       1.8494            5
177       2.0257      0.75578       2.1356
178        2.443       1.6887       2.4354
179         2.15            3          4.8
180            0         0.85          4.8
181      0.58535       1.6178       3.8032
182            0          0.2         4.08
183          2.8            3         4.08
184       1.4867       1.9362       2.9964
185      0.91963       2.3945            5
186       1.0173       1.0473       2.7162
187      0.99472      0.43521       2.5341
188       1.2124            0       2.3333
189            0      0.60622            4
190       2.3938            3            4
191      0.76488       1.7523       3.4471
192            3          2.8         3.36
193          0.2            0         3.36
194       0.5641      0.66134       2.9485
195            0            0       3.6667
196            3            3       3.6667
197            0       1.2014       4.3645
198      0.97456       2.4284       4.0743
199       1.9319       1.3844       2.2017
200            3         1.42            2
201         1.58            0            2
202            0        1.175       4.1938
203        1.825            3       4.1938
204         1.58            3          4.8
205            0         1.42          4.8
206            3            0       1.6667
207      0.60622            0       2.6667
208            3       2.3938       2.6667
209       2.5095       1.2792       1.9493
210       2.3783      0.68193       1.7825
211       1.7294            3       4.2274
212            0          1.5            5
213          1.5            3            5
214            0          1.5          4.8
215          1.5            3          4.8
216       2.2276       2.6401       3.0524
217      0.27088       1.2933       3.4954
218            3         1.58            2
219         1.42            0            2
220         1.42            3          4.8
221            0         1.58          4.8
222        1.825            0       1.8062
223            3        1.175       1.8062
224       2.1968            3       3.6042
225            0      0.80322       3.6042
226      0.80322            0       2.3958
227            3       2.1968       2.3958
228      0.46607       2.1319       4.1972
229      0.72739       2.1411       3.6295
230         1.58            3          4.2
231            0         1.42          4.2
232            0          0.2         3.36
233          2.8            3         3.36
234          0.2            0            3
235            3          2.8            3
236       1.3759       1.5914       2.4156
237       1.6227       2.5729       3.1572
238       1.7294            0       1.7726
239       1.8856       1.9963         2.38
240         1.42            3          4.2
241            0         1.58          4.2
242       2.3938            3       3.3333
243            0      0.60622       3.3333
244            0       1.2124       3.6667
245      0.45306       1.7643       3.3249
246       1.3811      0.52175       1.9138
247        1.873       2.3477       2.6125
248            0       1.7294       4.2274
249       1.1407      0.88976       2.1093
250       1.2014            3       4.3645
251      0.42285       1.5192       3.0774
252          0.2            0          2.8
253            3          2.8          2.8
254      0.65657       1.7056       2.9209
255            3       1.2014       1.6355
256      0.39119       2.4208       4.6393
257      0.73599       2.7633       4.5585
258         1.58            3          3.6
259            0         1.42          3.6
260        1.175            3       4.1938
261            0        1.825       4.1938
262            3            3            3
263            0            0            3
264            0          0.2            3
265          2.8            3            3
266      0.42299       1.2666       2.8001
267       1.8187            3       3.3333
268       2.4323       2.2991       2.2464
269            0          1.5       3.5876
270          1.5            3       3.5876
271            3       1.7294       1.7726
272            3          2.8         2.64
273          0.2            0         2.64
274            0         1.58          3.6
275         1.42            3          3.6
276        1.175            0       1.8062
277            3        1.825       1.8062
278      0.78909       1.3464       2.3862
279         2.19            3            3
280            0         0.81            3
281            0         2.15          4.8
282         0.85            3          4.8
283       2.2177       1.8402       1.8569
284            0          0.2          2.8
285          2.8            3          2.8
286       2.0187            3       2.9986
287       1.2124            3       3.6667
288            0       1.0036       3.0002
289       1.4286       1.1276        1.796
290       0.4634      0.71751        2.336
291            0         2.25            5
292         0.75            3            5
293      0.86858      0.50809       1.9159
294       1.0509       2.0605       2.4686
295            0       1.2124            3
296            3          0.2          1.2
297          2.8            0          1.2
298         2.19            3          2.8
299            0         0.81          2.8
300       1.9965       1.3139       1.5699
301       1.2014            0       1.6355
302            0          0.2         2.64
303          2.8            3         2.64
304      0.40415       2.4783       3.6667
305      0.65809       2.4264       3.1819
306            3       2.3938            2
307      0.60622            0            2
308       2.3938            3       2.6667
309            0      0.60622       2.6667
310         1.58            3            3
311            0         1.42            3
312        1.564       1.6536        1.802
313            0       1.8187       3.3333
314            3         0.85          1.2
315         2.15            0          1.2
316       1.3289      0.47441       1.5124
317       1.8684      0.45905       1.2966
318       2.4272      0.74358       1.2019
319      0.42381       2.0033       2.8219
320        1.225       2.6333       2.6918
321         1.42            3            3
322            0         1.58            3
323      0.60622            3            4
324            0       2.3938            4
325       2.5505       1.5711       1.3823
326      0.80322            3       3.6042
327            0       2.1968       3.6042
328       1.8187            3       2.6667
329            0         1.42          2.8
330         1.58            3          2.8
331            3            0            1
332            3            3       2.3333
333            0            0       2.3333
334       1.6112       2.5422       2.2139
335       1.2124            3            3
336         1.42            3          2.8
337            0         1.58          2.8
338            0      0.80322       2.3958
339       2.1968            3       2.3958
340         1.58            0          1.2
341            3         1.42          1.2
342            3         0.75            1
343         2.25            0            1
344      0.25531       2.2387       2.9826
345            3          1.5          1.2
346          1.5            0          1.2
347       1.2731       1.9756       1.8394
348            0          2.8          4.8
349          0.2            3          4.8
350            3         1.58          1.2
351         1.42            0          1.2
352       2.3241       2.5229       1.8136
353       1.0036            3       2.9998
354            0       2.0187       3.0014
355            3          2.8         1.92
356          0.2            0         1.92
357      0.60622            3       3.3333
358            0       2.3938       3.3333
359       1.8314       2.3322       1.7266
360            0       1.2124       2.3333
361       2.6299       2.1777       1.4358
362            0          2.8         4.08
363          0.2            3         4.08
364            0       1.8187       2.6667
365         0.81            3            3
366            0         2.19            3
367       1.6659      0.87273       1.0811
368            0          1.5       2.4124
369          1.5            3       2.4124
370            0            3            5
371      0.55524       1.1431       1.7104
372          1.5            0            1
373            3          1.5            1
374            0      0.60622            2
375       2.3938            3            2
376            0            3       4.3333
377      0.61448        2.535       2.4801
378       1.9362       1.8826       1.2848
379          2.8            3         1.92
380            0          0.2         1.92
381       1.4626        1.455       1.2483
382         0.81            3          2.8
383            0         2.19          2.8
384      0.94149       1.6331       1.5723
385      0.16352       1.6188       2.1703
386      0.99225       2.4561       2.0256
387            3         2.15          1.2
388         0.85            0          1.2
389          2.6          0.4      0.66667
390       1.2124            3       2.3333
391       2.6837       1.0807      0.73643
392          0.2            3         3.36
393            0          2.8         3.36
394      0.47371       2.1237       2.0582
395            0            3       3.6667
396      0.74358      0.57278       1.2019
397         1.58            3            2
398            0         1.42            2
399       1.8551       0.3751      0.68742
400            3            3       1.6667
401            0            0       1.6667
402      0.91906        1.125       1.1854
403            0       2.3938       2.6667
404      0.60622            3       2.6667
405       2.7932       2.7316       1.4263
406        1.971       1.3816      0.83479
407         1.42            3            2
408            0         1.58            2
409            0        1.175       1.8062
410        1.825            3       1.8062
411      0.28692      0.58596       1.4115
412      0.80322            3       2.3958
413            0       2.1968       2.3958
414        1.328       2.0755       1.3208
415          0.2            3            3
416            0          2.8            3
417       2.2564       2.4272       1.2019
418       1.7294            3       1.7726
419         0.75            0            1
420            3         2.25            1
421          0.2            3          2.8
422            0          2.8          2.8
423            0       1.2014       1.6355
424       1.0807      0.31629      0.73643
425            0            3            3
426       2.6249       1.8551      0.68742
427            3          2.8          1.2
428          0.2            0          1.2
429            0       1.7294       1.7726
430          0.2            3         2.64
431            0          2.8         2.64
432        1.175            3       1.8062
433            0        1.825       1.8062
434          2.2          0.8      0.33333
435       1.4012       1.2564      0.64404
436      0.27715       2.2772       1.7376
437       1.2057       2.5669       1.3321
438      0.42203       1.5255       1.2161
439       1.7557       2.4252      0.99965
440            0          0.2          1.2
441          2.8            3          1.2
442       1.2014            3       1.6355
443      0.96648       1.7126      0.93877
444            0       2.3938            2
445      0.60622            3            2
446          1.5      0.73429      0.38809
447       2.2657          1.5      0.38809
448      0.70084       2.6528       1.5711
449            0         0.85          1.2
450         2.15            3          1.2
451       1.5538       1.9228      0.70953
452            3            3            1
453            0            0            1
454            0            3       2.3333
455         1.58            3          1.2
456            0         1.42          1.2
457         2.25            3            1
458            0         0.75            1
459            0          1.5          1.2
460          1.5            3          1.2
461          2.6          2.6      0.66667
462          0.4          0.4      0.66667
463         1.42            3          1.2
464            0         1.58          1.2
465      0.60686        2.248       1.0716
466          0.2            3         1.92
467            0          2.8         1.92
468       1.9193       2.6837      0.73643
469       0.3751       1.1449      0.68742
470            0          1.5            1
471          1.5            3            1
472          2.2          2.2      0.33333
473          0.8          0.8      0.33333
474          1.8          1.2            0
475            0         2.15          1.2
476         0.85            3          1.2
477      0.73429          1.5      0.38809
478          1.5       2.2657      0.38809
479       1.1449       2.6249      0.68742
480      0.31629       1.9193      0.73643
481      0.18471       2.7567        1.316
482            0            3       1.6667
483          1.8          1.8            0
484          1.2          1.2            0
485         0.75            3            1
486            0         2.25            1
487          0.2            3          1.2
488            0          2.8          1.2
489          0.8          2.2      0.33333
490          1.2          1.8            0
491          0.4          2.6      0.66667
492            0            3            1
EndCoordinates

Elements
1 389 342 391 318
2 342 391 318 255
3 461 457 468 417
4 457 468 417 471
5 462 419 424 396
6 419 424 396 301
7 491 486 480 465
8 486 480 465 470
9 424 419 372 301
10 391 342 373 255
11 389 342 318 331
12 462 419 396 453
13 491 486 465 492
14 461 457 417 452
15 124 85 64 93
16 85 64 93 45
17 85 64 45 23
18 64 93 45 50
19 45 64 50 17
20 64 93 50 108
21 93 85 45 92
22 85 45 92 84
23 93 85 92 138
24 93 85 138 124
25 85 92 138 84
26 93 45 50 72
27 45 50 72 25
28 45 50 25 17
29 50 93 72 104
30 50 93 104 120
31 50 93 120 108
32 50 72 25 58
33 72 50 104 58
34 25 50 58 29
35 25 50 29 17
36 104 50 120 86
37 104 50 86 58
38 50 120 86 108
39 50 58 29 86
40 92 93 138 136
41 93 138 136 211
42 138 92 136 190
43 136 138 190 211
44 190 136 211 267
45 120 104 86 143
46 72 25 58 51
47 58 72 51 102
48 58 72 102 104
49 86 120 143 130
50 86 120 130 108
51 120 130 108 166
52 108 120 166 185
53 166 108 185 130
54 120 166 185 163
55 166 185 163 257
56 166 185 257 256
57 166 185 256 176
58 166 185 176 130
59 256 166 176 130
60 163 166 257 198
61 185 256 176 291
62 256 176 291 212
63 257 166 256 198
64 163 166 198 120
65 185 257 256 292
66 185 257 292 163
67 120 130 166 143
68 166 120 143 198
69 143 166 198 228
70 198 143 228 229
71 198 143 229 171
72 198 143 171 104
73 228 198 229 323
74 143 171 104 131
75 229 198 171 287
76 143 229 171 131
77 171 104 131 102
78 166 198 228 256
79 228 166 256 130
80 143 228 229 181
81 229 143 181 131
82 143 228 181 130
83 104 143 131 86
84 257 163 198 250
85 257 163 250 292
86 163 198 250 211
87 250 163 211 213
88 250 163 213 292
89 250 257 292 323
90 198 257 250 323
91 228 229 181 313
92 51 58 102 82
93 51 58 82 34
94 58 102 82 131
95 82 51 34 41
96 102 51 82 105
97 51 82 105 87
98 82 102 105 141
99 82 102 141 131
100 102 105 141 158
101 105 141 158 178
102 158 105 178 150
103 102 51 105 99
104 105 141 178 127
105 141 178 127 199
106 105 141 127 82
107 178 105 127 146
108 141 178 199 239
109 141 178 239 158
110 178 199 239 283
111 178 199 283 209
112 178 199 209 127
113 199 283 209 300
114 199 283 300 312
115 199 283 312 239
116 283 209 300 325
117 209 300 325 318
118 283 209 325 271
119 283 300 312 378
120 312 283 378 359
121 300 312 378 381
122 300 312 381 289
123 300 312 289 199
124 312 378 381 414
125 312 378 414 359
126 283 300 378 325
127 378 381 414 451
128 378 381 451 406
129 378 381 406 300
130 381 414 451 443
131 414 451 443 479
132 381 414 443 384
133 381 414 384 312
134 414 443 384 465
135 381 451 406 435
136 451 406 435 483
137 381 451 435 443
138 312 283 359 239
139 414 378 451 439
140 414 378 439 359
141 378 451 439 472
142 451 414 439 479
143 443 381 384 402
144 381 384 402 289
145 384 443 402 438
146 443 381 402 435
147 443 402 438 469
148 402 384 438 371
149 402 384 371 289
150 384 438 371 429
151 438 402 371 458
152 384 443 438 465
153 102 105 158 99
154 51 58 34 25
155 120 104 143 198
156 127 141 199 140
157 127 141 140 82
158 141 199 140 236
159 141 199 236 239
160 140 141 236 133
161 140 141 133 82
162 141 236 133 184
163 141 236 184 239
164 236 133 184 254
165 236 133 254 186
166 236 133 186 140
167 254 236 186 278
168 254 236 278 294
169 254 236 294 184
170 133 184 254 131
171 133 184 131 141
172 186 254 278 266
173 254 278 266 364
174 186 254 266 159
175 186 254 159 133
176 254 266 159 251
177 254 266 251 364
178 266 186 159 194
179 186 159 194 118
180 186 159 118 133
181 266 159 251 295
182 251 266 295 364
183 266 295 364 360
184 266 295 360 309
185 266 186 194 290
186 186 194 290 187
187 186 194 187 118
188 266 186 290 278
189 194 266 290 309
190 199 140 236 289
191 199 127 140 177
192 127 140 177 103
193 140 177 103 155
194 140 177 155 289
195 177 103 155 164
196 199 127 177 209
197 127 140 103 82
198 140 199 177 289
199 103 140 155 101
200 103 140 101 82
201 140 155 101 186
202 155 103 101 115
203 155 103 115 164
204 101 155 115 121
205 103 101 115 63
206 177 127 103 132
207 127 103 132 96
208 177 127 132 209
209 103 177 132 164
210 236 186 278 289
211 278 254 294 319
212 254 294 319 305
213 278 254 319 364
214 294 319 305 377
215 305 294 377 320
216 305 294 320 184
217 294 319 377 394
218 294 278 319 394
219 319 377 394 444
220 254 294 305 184
221 319 254 305 245
222 319 254 245 251
223 254 245 251 191
224 245 251 191 181
225 245 251 181 313
226 245 251 313 364
227 251 191 181 159
228 245 319 251 364
229 191 245 181 229
230 191 245 229 305
231 181 191 229 131
232 191 229 131 305
233 254 245 191 305
234 251 254 191 159
235 181 191 131 159
236 245 229 305 313
237 245 229 313 181
238 313 245 364 319
239 251 181 313 217
240 313 251 217 295
241 251 181 217 159
242 251 217 295 159
243 217 313 295 244
244 295 217 244 243
245 217 313 244 248
246 217 244 243 149
247 217 244 149 248
248 313 251 295 364
249 191 131 159 254
250 191 131 254 305
251 313 245 319 344
252 245 319 344 305
253 319 344 305 377
254 319 344 377 403
255 319 344 403 313
256 344 377 403 404
257 344 305 377 404
258 344 245 305 313
259 377 305 320 404
260 320 377 404 390
261 320 377 390 294
262 312 381 289 384
263 377 294 394 386
264 377 294 386 390
265 294 394 386 347
266 294 394 347 278
267 386 294 347 239
268 394 377 386 445
269 394 386 347 465
270 159 266 194 295
271 266 194 295 309
272 141 102 158 184
273 283 378 359 417
274 290 186 187 249
275 290 186 249 278
276 186 187 249 155
277 187 290 249 293
278 249 187 293 155
279 187 290 293 207
280 290 249 293 371
281 72 25 51 46
282 93 104 120 163
283 58 82 34 69
284 58 82 69 131
285 34 58 69 29
286 82 34 69 66
287 69 82 66 101
288 66 69 101 63
289 101 66 63 103
290 101 66 103 82
291 66 63 103 42
292 66 63 42 28
293 42 66 28 34
294 66 28 34 69
295 28 34 69 29
296 66 63 28 69
297 63 42 28 13
298 42 28 13 34
299 28 13 34 29
300 103 66 42 61
301 103 66 61 82
302 66 42 61 34
303 82 34 66 61
304 209 199 300 177
305 236 278 294 347
306 72 51 102 99
307 406 381 435 367
308 406 381 367 300
309 435 406 367 434
310 381 435 367 402
311 194 290 187 207
312 58 25 29 34
313 143 86 130 181
314 283 178 209 271
315 381 300 289 367
316 239 178 283 268
317 239 178 268 158
318 178 283 268 271
319 283 239 268 359
320 451 378 406 426
321 159 194 118 149
322 72 45 25 46
323 93 72 104 136
324 92 93 136 72
325 45 93 92 72
326 105 178 150 146
327 143 166 228 130
328 404 320 390 335
329 320 390 335 328
330 335 320 328 237
331 335 320 237 305
332 404 320 335 305
333 320 390 328 334
334 320 390 334 294
335 108 120 185 163
336 64 124 93 108
337 198 257 323 256
338 254 133 131 159
339 377 319 403 444
340 209 325 271 255
341 325 271 255 373
342 271 209 255 146
343 209 325 255 318
344 209 255 146 165
345 255 325 373 391
346 131 104 86 58
347 399 434 446 367
348 426 472 447 406
349 469 473 477 402
350 479 489 478 443
351 185 256 291 292
352 143 131 86 181
353 377 404 390 445
354 377 404 445 454
355 290 194 309 207
356 105 51 87 99
357 87 105 99 150
358 87 105 150 146
359 483 474 447 406
360 474 484 446 435
361 484 446 435 473
362 484 490 477 435
363 490 483 478 451
364 187 194 207 121
365 378 359 417 439
366 417 378 439 472
367 359 417 439 418
368 105 99 150 158
369 45 64 17 23
370 28 63 13 22
371 13 28 22 29
372 257 256 292 376
373 207 187 121 188
374 207 187 188 293
375 187 121 188 155
376 188 187 155 293
377 295 217 243 194
378 115 101 121 63
379 101 121 63 80
380 364 313 319 403
381 319 364 403 444
382 244 243 149 189
383 149 244 189 197
384 243 149 189 142
385 149 189 142 114
386 149 189 114 197
387 189 142 114 168
388 142 149 114 94
389 149 114 94 100
390 149 114 100 197
391 142 149 94 194
392 94 149 100 122
393 94 149 122 118
394 149 100 122 181
395 114 94 100 52
396 100 114 52 62
397 114 94 52 110
398 114 94 110 142
399 110 114 142 168
400 94 110 142 144
401 110 142 144 195
402 110 142 195 168
403 142 144 195 243
404 195 142 243 189
405 195 142 189 168
406 100 94 122 65
407 94 122 65 69
408 122 100 65 86
409 100 65 86 48
410 65 86 48 29
411 48 65 29 52
412 86 100 48 130
413 86 100 130 181
414 48 65 52 100
415 52 48 100 62
416 52 48 62 14
417 65 86 29 58
418 29 65 58 69
419 65 58 69 131
420 29 65 69 43
421 65 69 43 94
422 29 65 43 52
423 65 43 52 94
424 43 52 94 49
425 43 52 49 22
426 49 43 22 80
427 43 52 22 29
428 43 22 80 63
429 52 49 22 24
430 65 86 58 131
431 49 43 80 94
432 43 80 94 69
433 65 122 86 131
434 122 100 86 181
435 52 94 49 110
436 94 100 52 65
437 122 65 69 131
438 122 86 131 181
439 142 94 144 194
440 29 48 52 14
441 86 48 29 50
442 480 470 469 438
443 480 470 438 465
444 470 469 438 458
445 468 471 479 439
446 468 471 439 417
447 439 468 417 472
448 479 468 439 478
449 468 439 478 472
450 471 479 439 437
451 471 479 437 485
452 439 471 437 418
453 391 373 426 325
454 373 426 325 420
455 424 372 399 367
456 48 29 50 17
457 199 236 239 312
458 312 289 199 236
459 414 384 312 347
460 384 312 347 278
461 312 414 347 359
462 414 384 347 465
463 347 312 359 239
464 194 187 118 121
465 278 319 394 385
466 278 319 385 364
467 319 385 364 394
468 300 378 325 406
469 186 236 140 289
470 34 51 25 12
471 451 435 443 490
472 127 105 82 87
473 127 105 87 146
474 289 300 199 177
475 187 186 118 101
476 118 187 101 121
477 101 118 121 80
478 186 118 101 133
479 209 178 127 146
480 236 294 184 239
481 378 283 325 417
482 239 141 158 184
483 290 266 278 360
484 290 266 360 309
485 133 186 140 101
486 446 399 367 424
487 113 212 176 130
488 176 113 130 108
489 113 130 108 47
490 130 176 108 185
491 181 313 217 248
492 377 386 445 390
493 386 445 390 442
494 390 386 442 334
495 390 386 334 294
496 391 389 318 434
497 468 461 417 472
498 424 462 396 473
499 480 491 465 489
500 319 251 364 254
501 377 404 454 403
502 343 399 372 317
503 399 372 317 367
504 317 399 367 318
505 343 399 317 318
506 367 317 318 300
507 22 43 29 28
508 22 43 28 63
509 447 426 406 391
510 347 384 278 394
511 347 384 394 465
512 132 127 96 146
513 96 132 146 165
514 96 132 165 119
515 132 165 119 164
516 96 132 119 95
517 132 146 165 209
518 439 479 478 451
519 478 439 451 472
520 328 335 237 267
521 335 237 267 287
522 237 328 267 216
523 267 237 216 162
524 267 237 162 287
525 216 267 162 242
526 216 267 242 308
527 242 216 308 262
528 162 216 242 145
529 237 216 162 158
530 267 162 242 136
531 328 267 216 308
532 216 328 308 268
533 237 328 216 247
534 216 237 247 158
535 247 216 158 268
536 328 216 247 268
537 267 162 136 211
538 162 136 211 171
539 237 328 247 320
540 247 237 320 184
541 403 344 404 425
542 403 344 425 358
543 403 344 358 313
544 390 328 334 418
545 138 93 124 163
546 479 437 485 465
547 29 48 14 17
548 133 131 159 122
549 131 159 122 181
550 159 133 122 118
551 122 159 118 149
552 122 159 149 181
553 133 131 122 69
554 247 237 184 158
555 86 48 50 47
556 86 48 47 130
557 48 50 47 17
558 141 133 82 131
559 386 445 442 448
560 442 386 448 437
561 448 442 437 485
562 386 448 437 465
563 448 437 465 485
564 442 386 437 334
565 465 448 485 481
566 465 448 481 436
567 465 448 436 394
568 448 436 394 444
569 436 394 444 429
570 444 436 429 486
571 436 394 429 465
572 448 481 436 444
573 481 436 444 486
574 481 465 436 486
575 481 465 486 492
576 486 481 492 482
577 481 492 482 485
578 481 492 485 465
579 448 485 481 445
580 386 445 448 394
581 328 320 334 247
582 334 328 247 268
583 320 334 247 239
584 334 247 239 268
585 247 239 268 158
586 247 239 158 184
587 247 239 184 320
588 394 278 385 384
589 386 334 294 239
590 420 461 426 417
591 343 389 399 318
592 485 491 479 465
593 458 462 469 396
594 176 256 130 248
595 243 149 142 194
596 122 94 118 69
597 445 442 448 485
598 438 480 465 443
599 438 480 443 469
600 209 178 146 271
601 197 244 248 149
602 250 287 211 198
603 46 44 16 25
604 16 46 25 45
605 25 16 45 17
606 16 46 45 23
607 429 360 423 371
608 423 429 371 438
609 371 423 438 458
610 423 429 438 470
611 438 423 470 458
612 418 390 442 334
613 238 301 188 246
614 238 301 246 317
615 301 188 246 293
616 246 301 293 396
617 110 114 168 83
618 92 45 72 46
619 92 45 46 84
620 465 436 486 429
621 85 138 124 173
622 85 138 173 84
623 138 124 173 213
624 52 49 24 83
625 429 438 470 465
626 121 188 155 115
627 188 155 115 238
628 364 319 394 444
629 72 102 104 136
630 118 101 133 69
631 118 101 69 80
632 178 268 158 150
633 186 249 278 289
634 305 254 184 131
635 142 144 243 194
636 325 271 373 420
637 162 242 136 145
638 479 478 451 443
639 448 386 394 465
640 442 437 485 471
641 442 437 471 418
642 442 437 418 334
643 256 176 212 248
644 479 439 437 414
645 439 437 414 359
646 437 414 359 347
647 437 414 347 465
648 437 414 465 479
649 446 474 435 434
650 243 217 149 194
651 402 438 469 458
652 347 312 239 236
653 347 312 236 278
654 188 246 293 155
655 188 246 155 238
656 246 155 238 177
657 246 155 177 289
658 360 290 309 374
659 290 309 374 333
660 92 136 190 109
661 69 101 63 80
662 242 216 262 145
663 364 266 360 385
664 360 364 385 429
665 385 360 429 371
666 266 360 385 278
667 364 385 429 394
668 385 429 394 384
669 360 385 278 371
670 429 385 371 384
671 360 290 374 371
672 331 389 343 318
673 453 462 458 396
674 452 461 420 417
675 492 491 485 465
676 364 266 385 278
677 187 101 121 155
678 187 101 155 186
679 474 484 435 483
680 229 171 131 305
681 229 171 305 287
682 483 478 451 472
683 473 484 477 435
684 489 490 478 443
685 472 483 447 451
686 474 434 447 406
687 490 489 477 443
688 334 320 294 239
689 114 189 168 172
690 92 136 109 72
691 344 305 404 357
692 63 28 69 43
693 28 69 43 29
694 181 217 159 149
695 181 217 149 248
696 217 159 149 194
697 64 50 17 47
698 64 50 47 108
699 406 447 391 434
700 127 209 146 132
701 483 490 484 435
702 178 150 146 271
703 325 283 271 361
704 271 325 361 420
705 325 283 361 417
706 361 325 417 420
707 417 361 420 405
708 417 361 405 352
709 417 361 352 283
710 361 405 352 306
711 361 420 405 306
712 405 417 352 457
713 361 352 283 268
714 352 283 268 359
715 268 352 359 334
716 352 283 359 417
717 359 352 417 418
718 352 359 334 418
719 359 334 418 437
720 361 352 268 306
721 352 268 306 375
722 352 268 375 334
723 405 417 457 452
724 457 405 452 400
725 405 452 400 420
726 405 452 420 417
727 49 52 110 83
728 333 307 401 374
729 145 262 208 216
730 206 119 165 164
731 144 80 121 118
732 144 207 263 194
733 425 454 404 403
734 195 263 243 144
735 41 15 12 34
736 395 425 357 358
737 95 42 57 61
738 96 57 41 61
739 41 96 61 87
740 57 41 61 42
741 61 41 87 82
742 96 57 61 95
743 41 61 42 34
744 96 61 87 127
745 41 61 34 82
746 15 4 12 13
747 207 307 333 290
748 323 395 357 304
749 357 323 304 229
750 304 357 229 358
751 229 304 358 324
752 304 358 324 395
753 229 304 324 323
754 324 304 395 323
755 304 358 395 357
756 96 87 146 127
757 263 333 309 207
758 454 482 445 444
759 357 335 287 305
760 57 15 41 42
761 357 425 404 344
762 87 41 44 51
763 44 87 51 99
764 51 44 99 46
765 41 44 51 12
766 376 395 323 324
767 119 57 96 95
768 132 165 164 210
769 132 165 210 209
770 164 132 210 177
771 132 210 177 209
772 210 177 209 300
773 209 210 300 318
774 243 263 309 194
775 309 243 194 295
776 145 109 196 190
777 262 332 208 308
778 144 121 207 194
779 400 332 375 306
780 403 444 454 377
781 196 167 190 109
782 308 375 332 268
783 95 119 164 132
784 323 357 287 229
785 196 262 145 242
786 207 188 307 293
787 188 307 293 301
788 307 293 301 396
789 307 207 293 290
790 293 307 290 374
791 13 15 42 34
792 357 404 335 305
793 110 80 144 94
794 110 80 94 49
795 190 242 196 145
796 306 208 332 268
797 306 208 268 150
798 469 477 480 443
799 477 480 443 489
800 108 120 163 124
801 108 120 124 93
802 120 124 93 163
803 405 352 306 375
804 405 352 375 457
805 197 248 212 130
806 238 372 301 317
807 389 434 399 318
808 462 473 469 396
809 461 472 426 417
810 491 489 479 465
811 173 138 213 211
812 164 95 132 103
813 95 132 103 96
814 44 51 12 25
815 44 51 25 46
816 141 102 184 131
817 372 317 367 316
818 317 367 316 289
819 372 317 316 301
820 316 372 301 424
821 317 316 301 246
822 316 301 246 396
823 317 316 246 289
824 316 246 289 396
825 316 301 396 424
826 335 237 287 305
827 480 465 443 489
828 250 198 323 287
829 102 58 104 131
830 210 177 300 317
831 217 295 159 194
832 367 406 300 318
833 246 293 155 249
834 155 246 249 289
835 246 249 289 293
836 402 443 435 477
837 289 312 384 278
838 25 29 34 11
839 25 29 11 17
840 34 25 11 12
841 29 34 11 13
842 11 34 12 13
843 249 290 278 371
844 210 164 177 317
845 402 381 289 367
846 294 236 347 239
847 291 256 212 248
848 372 343 317 238
849 52 114 110 83
850 469 477 443 402
851 473 424 446 435
852 478 490 451 443
853 481 448 445 444
854 443 435 477 490
855 69 82 101 133
856 115 103 63 42
857 44 12 16 25
858 360 374 423 371
859 374 423 371 458
860 237 320 184 305
861 317 343 318 210
862 318 317 210 300
863 133 140 82 101
864 163 211 213 138
865 293 307 374 401
866 293 307 401 396
867 486 481 482 444
868 481 482 444 445
869 481 482 445 485
870 400 405 420 306
871 400 405 306 375
872 400 405 375 457
873 48 100 62 113
874 173 138 211 190
875 216 308 262 208
876 394 444 429 364
877 171 198 104 211
878 133 122 118 69
879 377 394 444 445
880 246 238 317 177
881 344 358 313 305
882 344 358 305 357
883 48 62 14 47
884 48 62 47 113
885 14 48 47 17
886 178 268 150 271
887 114 52 62 83
888 325 300 406 318
889 378 325 406 426
890 198 323 287 229
891 216 162 158 145
892 80 144 94 118
893 94 80 118 69
894 104 93 136 211
895 249 289 293 371
896 249 289 371 278
897 209 255 165 210
898 209 255 210 318
899 149 100 181 248
900 177 246 289 317
901 12 16 25 11
902 16 25 11 17
903 290 293 374 371
904 150 99 208 158
905 95 115 42 103
906 95 115 103 164
907 42 95 103 61
908 95 103 61 96
909 103 61 96 127
910 103 61 127 82
911 145 208 99 158
912 308 328 375 268
913 267 242 190 136
914 242 190 136 145
915 145 99 109 123
916 145 99 123 158
917 109 145 123 136
918 313 358 324 229
919 85 45 84 23
920 162 136 171 102
921 239 334 268 359
922 239 334 359 437
923 396 316 424 367
924 123 145 158 162
925 158 123 162 102
926 158 123 102 99
927 123 162 102 136
928 123 162 136 145
929 198 171 287 211
930 17 45 23 16
931 257 292 323 376
932 323 257 376 256
933 69 82 133 131
934 108 185 124 163
935 185 124 163 213
936 124 163 213 138
937 163 185 213 292
938 52 62 83 24
939 290 278 371 360
940 316 372 424 367
941 186 249 289 155
942 100 48 130 113
943 130 100 113 197
944 471 439 417 418
945 294 320 184 239
946 208 268 150 158
947 47 48 113 130
948 283 271 361 268
949 414 443 465 479
950 46 45 23 84
951 367 317 300 289
952 72 92 46 109
953 92 46 109 84
954 445 377 454 444
955 43 80 69 63
956 12 11 13 4
957 12 11 4 5
958 11 13 4 6
959 385 278 371 384
960 278 371 384 289
961 52 62 24 14
962 439 437 359 418
963 435 367 402 424
964 130 86 108 47
965 212 176 130 248
966 123 109 136 72
967 136 123 72 102
968 123 72 102 99
969 228 181 130 248
970 228 181 248 313
971 344 425 358 357
972 24 14 6 22
973 417 352 457 418
974 268 361 306 271
975 361 306 271 420
976 12 16 11 5
977 255 165 210 342
978 228 198 323 256
979 100 130 181 248
980 367 316 289 396
981 136 190 109 145
982 263 309 194 207
983 50 86 47 108
984 438 384 465 429
985 189 114 197 172
986 198 163 120 104
987 163 211 138 93
988 121 144 118 194
989 313 358 229 305
990 51 72 46 99
991 155 115 238 164
992 289 300 177 317
993 318 391 434 406
994 396 424 473 402
995 396 424 402 367
996 61 127 82 87
997 328 334 418 375
998 173 138 190 167
999 14 29 17 11
1000 332 306 268 375
1001 162 267 287 211
1002 216 158 268 208
1003 334 352 418 375
1004 352 418 375 457
1005 12 41 34 51
1006 197 212 172 113
1007 23 16 5 17
1008 140 155 186 289
1009 14 29 11 13
1010 312 289 236 278
1011 289 246 293 396
1012 399 434 367 318
1013 165 164 210 206
1014 318 342 255 210
1015 318 342 210 331
1016 396 419 301 307
1017 447 483 406 451
1018 406 447 451 472
1019 15 41 42 34
1020 333 307 374 290
1021 323 376 324 256
1022 263 243 144 194
1023 332 208 308 268
1024 333 309 207 290
1025 167 190 109 92
1026 109 167 92 84
1027 12 15 13 34
1028 291 256 248 324
1029 163 198 211 104
1030 113 212 130 197
1031 102 158 184 162
1032 386 334 239 347
1033 386 334 347 437
1034 347 386 437 465
1035 490 483 451 435
1036 325 378 417 426
1037 138 92 190 167
1038 144 118 194 94
1039 306 268 271 150
1040 318 391 406 325
1041 435 446 434 367
1042 435 446 367 424
1043 184 237 305 171
1044 184 237 171 162
1045 237 171 162 287
1046 237 171 287 305
1047 305 184 171 131
1048 184 171 131 102
1049 308 216 268 208
1050 367 406 318 434
1051 426 420 417 325
1052 469 458 396 402
1053 396 469 402 473
1054 184 237 162 158
1055 343 317 238 164
1056 477 473 435 402
1057 99 109 123 72
1058 171 104 102 136
1059 210 165 206 342
1060 256 228 130 248
1061 256 228 248 324
1062 228 248 324 313
1063 256 228 324 323
1064 358 229 305 357
1065 435 474 483 406
1066 155 238 177 164
1067 94 149 118 194
1068 394 448 444 445
1069 256 291 292 376
1070 216 158 208 145
1071 318 391 325 255
1072 92 138 84 167
1073 371 402 289 396
1074 371 402 396 458
1075 435 474 406 434
1076 419 396 453 401
1077 229 305 357 287
1078 291 256 324 376
1079 465 486 470 429
1080 417 457 471 418
1081 228 324 323 229
1082 228 324 229 313
1083 100 149 197 248
1084 164 210 206 343
1085 402 396 367 289
1086 325 406 426 391
1087 334 239 347 437
1088 51 82 87 41
1089 317 238 164 177
1090 46 72 109 99
1091 173 138 167 84
1092 384 394 465 429
1093 374 293 401 411
1094 401 374 411 458
1095 374 293 411 371
1096 411 374 371 458
1097 371 411 458 396
1098 411 458 396 453
1099 371 411 396 293
1100 411 396 293 401
1101 411 458 453 401
1102 453 411 401 396
1103 396 371 293 289
1104 378 417 426 472
1105 93 104 163 211
1106 22 52 24 14
1107 489 479 465 443
1108 100 114 62 113
1109 359 437 347 239
1110 171 162 287 211
1111 171 184 162 102
1112 156 83 168 172
1113 331 206 342 210
1114 370 376 292 291
1115 4 1 5 6
1116 171 104 136 211
1117 331 343 206 210
1118 157 167 84 173
1119 343 318 210 331
1120 197 248 130 100
1121 114 100 197 113
1122 210 164 317 343
1123 52 29 14 22
1124 16 11 5 17
1125 426 472 406 451
1126 17 14 11 5
1127 473 435 402 424
1128 328 334 375 268
1129 62 114 83 172
1130 378 451 472 426
1131 11 13 6 14
1132 6 11 14 5
1133 29 14 22 13
1134 114 197 172 113
1135 396 419 307 401
1136 11 4 5 6
1137 114 168 83 172
1138 14 6 22 13
1139 114 62 113 172
1140 428 388 356
1141 346 315 222
1142 3 7 9
1143 27 76 56
1144 388 346 276
1145 315 297 169
1146 7 27 19
1147 76 134 148
1148 222 315 169
1149 56 76 148
1150 276 346 222
1151 276 222 154
1152 19 27 56
1153 19 56 68
1154 154 222 129
1155 276 154 226
1156 68 56 112
1157 388 276 356
1158 7 19 9
1159 19 68 33
1160 129 222 169
1161 226 154 137
1162 112 56 148
1163 33 68 79
1164 154 129 79
1165 79 129 90
1166 90 129 169
1167 154 79 137
1168 276 226 356
1169 68 112 137
1170 137 112 193
1171 193 112 148
1172 68 137 79
1173 19 33 9
1174 226 137 273
1175 226 273 356
1176 33 79 37
1177 33 37 9
1178 193 273 137
1179 90 37 79
1180 440 449 380
1181 459 475 433
1182 348 281 362
1183 214 180 202
1184 449 459 409
1185 475 488 467
1186 281 214 261
1187 180 160 182
1188 433 475 467
1189 202 180 182
1190 409 459 433
1191 409 433 368
1192 261 214 202
1193 261 202 269
1194 368 433 413
1195 409 368 338
1196 269 202 225
1197 449 409 380
1198 281 261 362
1199 261 269 327
1200 413 433 467
1201 338 368 288
1202 225 202 182
1203 327 269 354
1204 368 413 354
1205 354 413 431
1206 431 413 467
1207 368 354 288
1208 409 338 380
1209 269 225 288
1210 288 225 232
1211 232 225 182
1212 269 288 354
1213 261 327 362
1214 338 288 302
1215 338 302 380
1216 327 354 393
1217 327 393 362
1218 232 302 288
1219 431 393 354
1220 296 314 170
1221 345 387 277
1222 135 75 147
1223 26 8 18
1224 314 345 223
1225 387 427 355
1226 75 26 55
1227 8 2 10
1228 277 387 355
1229 18 8 10
1230 223 345 277
1231 223 277 153
1232 55 26 18
1233 55 18 67
1234 153 277 227
1235 223 153 128
1236 67 18 32
1237 314 223 170
1238 75 55 147
1239 55 67 111
1240 227 277 355
1241 128 153 81
1242 32 18 10
1243 111 67 139
1244 153 227 139
1245 139 227 272
1246 272 227 355
1247 153 139 81
1248 223 128 170
1249 67 32 81
1250 81 32 38
1251 38 32 10
1252 67 81 139
1253 55 111 147
1254 128 81 91
1255 128 91 170
1256 111 139 192
1257 111 192 147
1258 38 91 81
1259 272 192 139
1260 441 450 379
1261 460 476 432
1262 349 282 363
1263 215 179 203
1264 450 460 410
1265 476 487 466
1266 282 215 260
1267 179 161 183
1268 432 476 466
1269 203 179 183
1270 410 460 432
1271 410 432 369
1272 260 215 203
1273 260 203 270
1274 369 432 412
1275 410 369 339
1276 270 203 224
1277 450 410 379
1278 282 260 363
1279 260 270 326
1280 412 432 466
1281 339 369 286
1282 224 203 183
1283 326 270 353
1284 369 412 353
1285 353 412 430
1286 430 412 466
1287 369 353 286
1288 410 339 379
1289 270 224 286
1290 286 224 233
1291 233 224 183
1292 270 286 353
1293 260 326 363
1294 339 286 303
1295 339 303 379
1296 326 353 392
1297 326 392 363
1298 233 303 286
1299 430 392 353
1300 30 40
1301 40 71
1302 71 106
1303 106 152
1304 152 234
1305 20 36
1306 36 54
1307 54 98
1308 98 73
1309 73 60
1310 252 174
1311 174 125
1312 125 219
1313 219 351
1314 77 88
1315 88 116
1316 116 201
1317 201 340
1318 416 366
1319 366 322
1320 322 274
1321 274 241
1322 241 221
1323 205 231
1324 231 259
1325 259 311
1326 311 280
1327 280 264
1328 422 383
1329 383 337
1330 337 408
1331 408 464
1332 456 398
1333 398 329
1334 329 299
1335 299 284
1336 59 74
1337 74 97
1338 97 53
1339 53 35
1340 35 21
1341 31 39
1342 39 70
1343 70 107
1344 107 151
1345 151 235
1346 78 89
1347 89 117
1348 117 200
1349 200 341
1350 350 218
1351 218 126
1352 126 175
1353 175 253
1354 265 279
1355 279 310
1356 310 258
1357 258 230
1358 230 204
1359 220 240
1360 240 275
1361 275 321
1362 321 365
1363 365 415
1364 285 298
1365 298 330
1366 330 397
1367 397 455
1368 463 407
1369 407 336
1370 336 382
1371 382 421
EndElements

Dirichlet
1
4
6
13
15
22
24
42
49
57
63
80
83
95
110
115
119
121
144
156
164
168
188
195
206
207
238
263
301
307
331
333
343
372
401
419
453
EndDirichlet

Neumann
157
167
173
190
196
211
213
242
250
262
267
287
292
308
323
328
332
335
357
370
375
376
390
395
400
404
418
425
442
445
452
454
457
471
482
485
492
EndNeumann
