8.3 2000
350 200
73 183 17 17

Coordinates
1            0            0            5
2            0            0       3.7821
3            0       1.4975            5
4       1.4975            0            5
5            0            0       2.7567
6            0       1.5083       2.8736
7       1.5083            0       2.8736
8       1.7971       1.8019       4.3365
9            3            0            5
10            0            3            5
11            0            0       1.8399
12            0            3       3.7827
13            3            0       3.7827
14            0      0.94057        1.873
15      0.94057            0        1.873
16            3          1.5            5
17          1.5            3            5
18       1.4696       1.9344       2.1943
19            0       2.0323       1.8888
20       2.0323            0       1.8888
21      0.54909       2.4394       2.2461
22            0            3       2.7516
23            3            0       2.7516
24            3       1.5083       2.8798
25       1.5083            3       2.8736
26            0            0            1
27            0      0.75967            1
28      0.75967            0            1
29        1.275       0.9908       1.1924
30       1.8347      0.69955       1.3395
31            3            3            5
32       1.5029            0            1
33            0       1.5029            1
34       1.0726        2.109       1.3468
35            0            3       1.8345
36            3            0       1.8345
37      0.42262      0.42262      0.64782
38            3            3       3.7827
39            3      0.94057       1.8723
40      0.94057            3       1.8712
41        2.242            0            1
42            0        2.242            1
43       2.4523       2.4523       1.9019
44            3       2.0323       1.8897
45       2.0323            3       1.8885
46            3            3       2.7516
47      0.81413      0.81413      0.32156
48       2.1542        1.776       1.0434
49       1.5002       1.4098      0.51905
50       1.5006      0.80565      0.32862
51      0.80565       1.5006      0.32862
52            0            3            1
53            3            0            1
54      0.75967            3            1
55            3      0.75967            1
56       2.5774      0.42262      0.64782
57      0.42262       2.5774      0.64782
58       1.5029            3            1
59            3       1.5029            1
60      0.81413       2.1859      0.32156
61       2.1859      0.81413      0.32156
62          1.2          1.2            0
63            3            3       1.8345
64       1.5006       2.1943      0.32862
65       2.1943       1.5006      0.32862
66          1.2          1.8            0
67          1.8          1.2            0
68        2.242            3            1
69            3        2.242            1
70       2.1859       2.1859      0.32156
71          1.8          1.8            0
72       2.5774       2.5774      0.64782
73            3            3            1
EndCoordinates

Elements
1 62 50 67 49
2 67 65 71 49
3 62 66 51 49
4 66 71 64 49
5 50 67 49 61
6 62 50 49 47
7 67 62 49 71
8 66 60 51 49
9 71 65 70 49
10 71 70 64 49
11 60 66 64 49
12 47 62 51 49
13 61 65 67 49
14 62 66 49 71
15 72 69 73 68
16 57 52 42 54
17 56 41 53 55
18 26 37 27 28
19 49 50 61 30
20 50 49 47 30
21 61 65 49 30
22 51 47 49 29
23 51 47 29 33
24 49 51 29 60
25 72 69 68 48
26 72 69 48 59
27 68 72 48 58
28 42 57 54 34
29 42 57 34 33
30 57 54 34 58
31 56 41 55 30
32 37 27 28 33
33 50 61 30 32
34 65 70 49 48
35 65 70 48 59
36 70 64 49 48
37 70 64 48 58
38 64 60 49 34
39 64 60 34 58
40 69 73 68 63
41 56 32 41 30
42 32 41 30 20
43 52 42 54 35
44 41 53 55 36
45 27 26 28 11
46 28 32 37 33
47 55 59 56 30
48 47 49 29 30
49 49 65 48 30
50 51 29 60 33
51 54 58 40 34
52 55 39 59 30
53 32 28 15 14
54 33 14 27 28
55 58 68 45 48
56 42 19 33 34
57 59 44 69 48
58 30 50 32 47
59 49 64 34 48
60 49 29 30 48
61 61 65 30 59
62 60 49 34 29
63 49 34 29 48
64 34 60 29 33
65 29 34 33 19
66 69 68 48 43
67 54 42 34 21
68 54 40 35 21
69 40 35 21 22
70 54 40 21 34
71 35 21 22 19
72 35 21 19 42
73 21 19 42 34
74 55 36 39 20
75 40 21 34 45
76 15 28 11 14
77 14 11 27 28
78 64 34 48 58
79 41 30 20 55
80 35 21 42 54
81 30 32 20 15
82 21 19 34 7
83 61 30 32 56
84 61 30 56 59
85 47 29 33 37
86 47 29 37 32
87 45 68 63 43
88 63 45 43 46
89 45 68 43 48
90 43 63 46 44
91 43 63 44 69
92 44 43 69 48
93 68 63 43 69
94 43 45 48 18
95 44 43 48 7
96 41 20 36 55
97 48 65 59 30
98 34 60 33 57
99 34 60 57 58
100 70 48 59 72
101 70 48 72 58
102 29 47 30 32
103 21 40 22 25
104 29 33 37 32
105 46 43 44 24
106 45 43 46 25
107 21 22 19 6
108 23 39 36 20
109 11 5 15 14
110 58 45 40 34
111 19 14 33 28
112 39 44 59 48
113 30 32 15 29
114 45 43 25 18
115 19 21 6 7
116 43 44 24 7
117 21 40 25 45
118 34 48 58 45
119 20 15 7 30
120 19 6 14 7
121 39 24 44 7
122 33 29 19 28
123 29 34 19 7
124 55 39 30 20
125 59 39 48 30
126 33 29 28 32
127 29 28 32 14
128 15 30 29 7
129 29 30 48 7
130 25 45 18 21
131 18 25 21 12
132 48 43 18 7
133 20 7 23 39
134 5 15 14 7
135 32 15 29 14
136 29 28 14 19
137 14 29 19 7
138 6 5 14 7
139 39 23 24 7
140 39 30 20 7
141 18 21 34 7
142 15 29 14 7
143 39 44 48 30
144 43 46 25 24
145 21 22 6 12
146 22 21 25 12
147 43 25 18 7
148 45 48 18 34
149 21 18 34 45
150 34 29 48 7
151 48 18 34 7
152 46 24 38 25
153 13 23 7 24
154 5 2 7 6
155 39 44 30 7
156 44 48 30 7
157 2 1 4 3
158 9 16 13 4
159 38 16 31 17
160 10 12 17 3
161 25 43 24 7
162 6 21 12 7
163 21 18 12 7
164 18 25 12 7
165 24 38 25 8
166 24 38 8 16
167 38 8 16 17
168 8 16 17 3
169 38 8 17 25
170 8 24 16 13
171 8 17 25 12
172 17 8 3 12
173 16 8 13 3
174 7 13 24 8
175 2 7 6 3
176 13 7 4 3
177 12 3 6 7
178 7 2 4 3
179 25 8 12 7
180 25 24 8 7
181 16 13 4 3
182 8 3 12 7
183 7 13 8 3
EndElements

Dirichlet
9
13
16
23
24
31
36
38
39
44
46
53
55
59
63
69
73
EndDirichlet

Neumann
1
2
3
5
6
10
11
12
14
19
22
26
27
33
35
42
52
EndNeumann
